image: opt.png
resolution: 0.050000
origin: [-26.868484, -25.993051, 0.000000]
negate: 0
occupied_thresh: 0.65
free_thresh: 0.196

